UserID: 937311092 | Time: 2024-09-08 05:36:42.737826 | Command: /bgmi | Target: 20.219.166.28 | Port: 28782 | Time: 110
Username: UserID: 937311092
Target: 20.219.166.28
Port: 28782
Time: 110

UserID: 937311092 | Time: 2024-09-08 05:38:48.591024 | Command: /bgmi | Target: 20.219.166.28 | Port: 28782 | Time: 110
Username: UserID: 937311092
Target: 20.219.166.28
Port: 28782
Time: 110

